1101111000001100001010001010000101110100110001010110010110011110 010011000000000101110101100101010
1110010100001100111111001100100100100011001001101010011000011101 100000101010100100100110010001001
1010010001111011110111000111111111100111001101111101011110110111 101110100111000110010010010111100
1011010100111111000001111111010111110110001110111101001110101011 011111011110111100000000111110110
0011001010100011111010001011100000111010000011111110000010110100 001101000000101111111110111011100
0100000011000010001010011101001000110000000101101111001001001100 000111010101010110010001101110000
1110110111001011111110111001000100010000101000111101001100110110 011111010010100001000110000110001
1100011111110010101010110001111101001011010001001101011101000000 011010000111010111011001110001110
0111010111011011011011101000000001111101100010100101000010101010 010110000011010010101100000101010
0000000101011100110101110011010001011110101111001100111010110110 001011111111000010101100101100110
